65
413
1360
2268
2467
3877
3994
8078
8443
8643
8652
9252
10234
14030
14655
15179
15742
15942
103381
104086
106020
106090
114659
115839
116350
120976
127626
128073
132635
133263
133354
134571
134589
144970
144973
145274
145335
145337
145381
145622
150127
153977
153994
309270
315654
318606
402979
452852
457296
465076
485543
485580
485716
601086
619821
675017
703138
705884
775124
778081
783142
784424
812813
837151
837385
837677
850200
850256
860867
860961
861366
861862
902215
910800
915739
917398
918390
919088
919982
1009292
1021867
1200824
1503798
1508844
1510161
1510984
1512097
1804927
2000211
2004183
2004717
2005492
2005497
2005705
2006032
2010119
2010131
2010145
2011583
2011604
2014470
2015760
2105550
2108801
3300663
3502929
3503289
3604904
3900305
3900425
3900623
3900637
3900678
3901016
4200729
4200948
4203261
4209725
4210245
4210555
4210850
4211119
4400591
5131130
5250111
5280398
5290240
5360698
5370511
5370573
5385013
5512565
5640254
5642460
5660389
5680952
5704751
5743896
5745347
6700672
6701339
6701711
6701739
6900565
7100027
7100040
7100073
7448310
7449788
7453007
7459580
7501700
7601284
7601408
7920103
7920418
7988370
8403977
8404000
8425412
8428682
8428686
8428755
8444529
8476204
8835877
12001212
14031561
14089754
14100767
19022095
23006948
34000617
36500424
55002409
59145996
67009094
67010817
67018692
67020847
95079966
1394715073
1394718107
1915464822
2000167699